# -*- coding: utf-8 -*-
"""
Created on Thu Feb 11 11:17:40 2016

@author: Егор
"""

m=[]
mas=[]
for N in range(1,1000):
    for x in range(30):
        for y in range(30):
            for z in range(30):
                if x**3+y**3+z**3==N:
                    m = [x, y, z, N]
                    mas += list(map(lambda i: m[4*i:(i+1)*4], range(1)))
dlina=len(mas)
for j in range(3):
    i=0
    while i<dlina-2:  
        if (mas[i][3]==mas[i+1][3] and (mas[i][0]+mas[i][1]+mas[i][2])==(mas[i+1][0]+mas[i+1][1]+mas[i+1][2])) or (mas[i][3]==mas[i+2][3] and (mas[i][0]+mas[i][1]+mas[i][2])==(mas[i+2][0]+mas[i+2][1]+mas[i+2][2])):
                mas.pop(i)    
                dlina-=1
                if j==2:
                    print mas[i], dlina , i , 'DELETE'
                continue
        i+=1
        if j==2:
            print mas[i], dlina , i    
i=0
for i in range(dlina-2):
    if mas[i][3]==mas[i+1][3]==mas[i+2][3]:
        arr=mas[i][3]
#        print mas[i][3], 'VOTUTA', mas[i], mas[i+1], mas[i+2]
        i+=3
j=i=0
for i in arr:
    for j in arr:
        if i==j:
            arr2=arr           
print arr2

'''
5832 VOTUTA [0, 18, 0, 5832] [15, 12, 9, 5832] [16, 12, 2, 5832]
5832 VOTUTA [15, 12, 9, 5832] [16, 12, 2, 5832] [18, 0, 0, 5832]
10773 VOTUTA [5, 22, 0, 10773] [18, 14, 13, 10773] [21, 10, 8, 10773]
10773 VOTUTA [18, 14, 13, 10773] [21, 10, 8, 10773] [22, 5, 0, 10773]
12384 VOTUTA [6, 23, 1, 12384] [17, 16, 15, 12384] [22, 12, 2, 12384]
12384 VOTUTA [17, 16, 15, 12384] [22, 12, 2, 12384] [23, 6, 1, 12384]
13896 VOTUTA [1, 23, 12, 13896] [4, 24, 2, 13896] [23, 10, 9, 13896]
13896 VOTUTA [4, 24, 2, 13896] [23, 10, 9, 13896] [23, 12, 1, 13896]
13896 VOTUTA [23, 10, 9, 13896] [23, 12, 1, 13896] [24, 4, 2, 13896]
14175 VOTUTA [1, 21, 17, 14175] [7, 24, 2, 14175] [20, 18, 7, 14175]
14175 VOTUTA [7, 24, 2, 14175] [20, 18, 7, 14175] [21, 17, 1, 14175]
14175 VOTUTA [20, 18, 7, 14175] [21, 17, 1, 14175] [24, 7, 2, 14175]
17604 VOTUTA [3, 26, 1, 17604] [19, 18, 17, 17604] [21, 20, 7, 17604]
17604 VOTUTA [19, 18, 17, 17604] [21, 20, 7, 17604] [26, 3, 1, 17604]
17928 VOTUTA [20, 18, 16, 17928] [24, 15, 9, 17928] [24, 16, 2, 17928]
20691 VOTUTA [10, 27, 2, 20691] [20, 19, 18, 20691] [24, 19, 2, 20691]
20691 VOTUTA [20, 19, 18, 20691] [24, 19, 2, 20691] [27, 10, 2, 20691]
21412 VOTUTA [1, 27, 12, 21412] [24, 19, 9, 21412] [27, 10, 9, 21412]
21412 VOTUTA [24, 19, 9, 21412] [27, 10, 9, 21412] [27, 12, 1, 21412]
24480 VOTUTA [4, 29, 3, 24480] [22, 20, 18, 24480] [24, 22, 2, 24480]
24480 VOTUTA [22, 20, 18, 24480] [24, 22, 2, 24480] [29, 4, 3, 24480]
'''
